CER: 0.07477708906309816
WER: 0.1927120657120657
